<?xml version="1.0" standalone="no"?>
<!DOCTYPE svg PUBLIC "-//W3C//DTD SVG 20010904//EN"
 "http://www.w3.org/TR/2001/REC-SVG-20010904/DTD/svg10.dtd">
<svg version="1.0" xmlns="http://www.w3.org/2000/svg"
 width="621.000000pt" height="420.000000pt" viewBox="0 0 621.000000 420.000000"
 preserveAspectRatio="xMidYMid meet">

<g transform="translate(0.000000,420.000000) scale(0.100000,-0.100000)"
fill="#000000" stroke="none">
<path d="M1125 3905 c1 -162 3 -297 6 -300 3 -3 9 88 13 202 4 115 9 250 12
301 4 83 3 92 -13 92 -17 0 -18 -18 -18 -295z"/>
<path d="M1770 4063 c0 -76 -4 -347 -10 -603 -6 -256 -15 -836 -21 -1290 -6
-454 -12 -897 -15 -985 l-5 -160 25 55 c14 30 25 64 26 76 0 18 65 194 121
329 12 28 30 78 40 113 25 87 65 171 98 207 15 17 34 41 43 55 8 14 63 53 121
88 104 62 130 82 107 82 -6 0 -9 4 -6 8 8 13 -18 101 -44 149 -21 42 -22 51
-21 344 1 166 3 304 5 308 2 3 7 112 10 241 6 224 11 291 23 334 5 17 7 16 29
-9 13 -16 24 -23 24 -17 0 7 7 12 15 12 20 0 21 131 1 203 -8 29 -17 65 -20
80 -5 19 -12 27 -24 25 -16 -3 -17 16 -16 245 l1 247 -177 0 -177 0 -7 -92
c-3 -50 -11 -256 -16 -457 -6 -201 -12 -413 -15 -471 -2 -58 -9 -235 -14 -395
-15 -434 -22 -565 -31 -570 -13 -8 -18 55 -7 103 6 31 5 62 -3 101 -11 54 -8
597 6 936 2 72 6 291 7 488 l2 357 -37 0 -38 0 0 -137z m67 -2005 c-2 -13 -4
-3 -4 22 0 25 2 35 4 23 2 -13 2 -33 0 -45z m3 -173 c0 -71 -13 -102 -22 -52
-4 23 10 127 18 127 2 0 4 -34 4 -75z"/>
<path d="M4100 4191 c0 -20 133 -286 214 -428 47 -84 86 -154 86 -156 0 -2 25
-45 55 -95 30 -50 55 -96 55 -101 0 -5 4 -11 9 -13 5 -1 17 -19 28 -39 59
-111 260 -411 293 -439 9 -7 125 -162 184 -246 27 -38 51 -63 54 -56 2 6 -4
45 -13 84 -21 88 -22 91 -74 338 -91 422 -137 674 -202 1093 l-11 67 -339 0
c-192 0 -339 -4 -339 -9z"/>
<path d="M1123 3320 c0 -47 2 -66 4 -42 2 23 2 61 0 85 -2 23 -4 4 -4 -43z"/>
<path d="M5530 3304 c-19 -11 -63 -14 -193 -13 -92 1 -172 -2 -176 -7 -5 -5
-14 -128 -19 -274 -8 -202 -8 -268 1 -276 19 -18 801 -29 814 -12 6 7 18 76
27 153 9 77 28 198 42 268 14 71 23 136 20 144 -6 14 -34 15 -226 11 -173 -4
-224 -2 -238 8 -20 16 -20 16 -52 -2z m40 -94 c0 -6 -10 -24 -21 -40 -18 -23
-21 -37 -16 -74 8 -53 1 -76 -20 -76 -12 0 -14 8 -9 38 12 68 9 86 -20 108
-41 33 -27 54 36 54 28 0 50 -5 50 -10z m80 -12 c0 -22 -17 -41 -29 -34 -19
12 -13 46 9 46 11 0 20 -6 20 -12z"/>
<path d="M2595 3210 c-3 -5 -2 -10 4 -10 5 0 13 5 16 10 3 6 2 10 -4 10 -5 0
-13 -4 -16 -10z"/>
<path d="M3353 2948 c-8 -9 -7 -17 3 -26 12 -11 15 -10 20 3 9 22 -10 40 -23
23z"/>
<path d="M3422 2895 c-24 -7 -45 -9 -48 -4 -9 16 -23 10 -26 -12 -3 -23 -14
-32 -63 -51 -23 -8 -26 -12 -12 -15 9 -3 38 7 62 21 25 14 43 21 40 15 -4 -5
-1 -9 4 -9 6 0 11 6 11 13 0 7 9 18 21 25 25 16 51 0 42 -26 -5 -14 -2 -13 14
3 11 11 18 28 15 38 -5 20 -4 20 -60 2z"/>
<path d="M2542 2870 c0 -14 2 -19 5 -12 2 6 2 18 0 25 -3 6 -5 1 -5 -13z"/>
<path d="M3508 2856 c-55 -49 -90 -136 -54 -136 8 0 16 -6 19 -12 2 -7 8 -10
13 -5 4 4 2 23 -5 42 -10 29 -10 38 5 60 20 30 36 28 45 -6 l7 -24 1 27 c2 41
11 57 28 51 11 -4 14 -2 11 8 -8 23 -41 20 -70 -5z"/>
<path d="M3070 2860 c0 -5 5 -10 11 -10 5 0 7 5 4 10 -3 6 -8 10 -11 10 -2 0
-4 -4 -4 -10z"/>
<path d="M3000 2851 c0 -10 -20 -18 -61 -26 -33 -6 -34 -13 -5 -21 14 -3 26
-11 26 -16 0 -6 -11 -7 -25 -4 -20 5 -25 3 -25 -12 0 -27 20 -43 40 -32 10 6
25 4 41 -3 35 -18 88 -20 158 -6 47 9 64 9 75 0 22 -19 31 7 11 29 -10 11 -15
26 -11 36 5 13 2 15 -14 11 -11 -3 -20 -1 -20 4 0 5 5 9 10 9 6 0 10 5 10 11
0 6 -8 8 -19 4 -11 -3 -22 -1 -26 5 -3 5 -18 10 -33 9 -26 0 -26 -1 -4 -9 12
-5 22 -14 22 -20 0 -6 5 -8 10 -5 6 3 10 -1 10 -10 0 -11 -6 -15 -17 -11 -10
3 -48 6 -85 8 -37 1 -64 6 -62 10 3 4 16 8 29 8 13 0 27 5 30 10 4 6 -7 10
-25 10 -18 0 -29 4 -25 10 3 6 1 10 -4 10 -6 0 -11 -4 -11 -9z m49 -100 c-15
-5 -22 6 -14 19 6 9 10 9 16 -1 5 -8 4 -15 -2 -18z m76 -10 c-3 -6 -21 -11
-38 -10 l-32 0 35 13 c38 13 45 13 35 -3z"/>
<path d="M2664 2821 c-81 -4 -127 -11 -138 -20 -9 -8 -20 -11 -23 -7 -4 4 -1
11 7 16 8 6 11 10 5 10 -15 0 -37 -16 -35 -26 1 -5 8 -13 16 -17 8 -4 17 -26
20 -48 4 -26 11 -38 19 -35 7 2 18 -1 24 -7 9 -9 14 -9 20 1 5 8 33 14 75 16
36 1 71 7 78 14 17 17 28 15 21 -5 -5 -15 -4 -15 9 1 10 13 22 17 36 13 24 -6
26 -4 36 35 6 25 4 27 -26 24 -18 -2 -23 -1 -10 1 25 5 30 28 6 37 -9 3 -16 5
-17 4 -1 -1 -57 -4 -123 -7z m61 -21 c28 -2 27 -3 -10 -11 -22 -4 -58 -8 -80
-8 -37 0 -39 1 -17 12 21 12 34 13 107 7z m-170 -10 c3 -6 -1 -13 -10 -16 -19
-8 -30 0 -20 15 8 14 22 14 30 1z m195 -36 c0 -3 -6 -12 -14 -20 -15 -15 -86
-20 -86 -6 0 4 16 6 35 4 25 -3 36 0 41 12 6 15 24 23 24 10z"/>
<path d="M2777 2713 c-4 -3 -7 -11 -7 -17 0 -6 5 -5 12 2 6 6 9 14 7 17 -3 3
-9 2 -12 -2z"/>
<path d="M3370 2703 c0 -13 5 -23 10 -23 13 0 13 11 0 30 -8 12 -10 11 -10 -7z"/>
<path d="M2526 2587 c6 -112 15 -149 24 -102 4 17 4 35 1 40 -3 6 -11 44 -18
85 l-12 75 5 -98z"/>
<path d="M2760 2649 c0 -5 5 -7 10 -4 6 3 10 8 10 11 0 2 -4 4 -10 4 -5 0 -10
-5 -10 -11z"/>
<path d="M3347 2588 c-10 -33 -15 -63 -12 -66 9 -9 25 20 25 45 0 12 5 25 10
28 12 7 13 42 2 49 -4 2 -15 -23 -25 -56z"/>
<path d="M4420 2631 c-160 -44 -250 -97 -376 -221 -92 -91 -132 -158 -163
-270 -24 -84 -25 -81 51 -125 40 -22 49 -24 54 -12 3 9 0 25 -6 37 -16 30 -4
70 31 102 26 24 28 30 18 50 -16 30 14 88 46 88 27 0 55 29 55 58 0 27 47 64
72 56 23 -7 58 21 58 47 0 28 57 54 86 40 30 -13 48 -7 64 24 18 33 56 40 96
19 33 -18 34 -18 57 4 32 30 77 29 105 -3 21 -24 23 -24 54 -9 42 19 84 6 98
-32 9 -23 14 -25 48 -19 46 7 71 -9 86 -56 9 -29 16 -34 44 -35 45 -1 70 -28
74 -78 2 -34 7 -42 25 -44 33 -5 67 -56 53 -81 -22 -42 -2 -81 41 -81 17 0 6
204 -14 252 -45 108 -228 241 -397 289 -87 25 -268 25 -360 0z"/>
<path d="M3519 2623 c-13 -16 -12 -17 4 -4 16 13 21 21 13 21 -2 0 -10 -8 -17
-17z"/>
<path d="M2906 2515 c-36 -22 -42 -23 -67 -9 -36 18 -63 18 -80 -2 -10 -13
-10 -17 1 -24 7 -4 19 -6 27 -3 7 3 13 1 13 -5 0 -6 21 -10 48 -10 54 0 116
23 106 40 -4 7 -2 8 5 4 6 -4 9 -11 6 -15 -2 -5 7 -6 20 -3 28 5 44 22 22 22
-8 0 -20 7 -27 15 -17 20 -28 19 -74 -10z"/>
<path d="M3135 2456 c31 -25 69 -41 59 -25 -3 5 -11 9 -17 9 -7 0 -18 9 -25
20 -7 11 -20 20 -30 20 -13 0 -10 -6 13 -24z"/>
<path d="M3439 2394 c-1 -54 1 -77 7 -84 7 -7 53 53 60 78 8 28 -1 38 -38 47
-28 7 -28 6 -29 -41z"/>
<path d="M4587 2348 c-10 -40 -17 -84 -17 -98 0 -14 -5 -32 -10 -40 -17 -25
-35 10 -54 102 -24 121 -40 125 -32 8 3 -52 9 -105 12 -117 5 -17 2 -23 -10
-23 -17 0 -21 6 -87 124 -24 43 -45 72 -47 63 -2 -8 13 -56 32 -106 20 -50 36
-95 36 -101 0 -24 -30 -5 -102 67 -43 42 -80 74 -84 71 -6 -6 52 -90 108 -156
56 -66 31 -68 -83 -7 -46 24 -90 45 -98 45 -8 0 27 -32 77 -72 61 -47 89 -75
82 -82 -6 -6 -42 -2 -104 12 -160 37 -161 25 -3 -39 43 -17 76 -37 74 -43 -2
-6 -40 -13 -92 -16 -75 -4 -86 -7 -72 -18 9 -8 48 -18 86 -24 49 -7 71 -15 71
-24 0 -8 -7 -14 -15 -14 -27 0 -16 -19 23 -39 20 -10 49 -34 64 -52 14 -19 36
-45 47 -58 43 -49 19 -35 -43 26 -55 53 -70 63 -98 62 -21 -1 -26 -3 -13 -6
32 -8 217 -164 213 -180 -4 -14 13 -53 23 -53 5 0 15 11 21 25 25 55 38 23 39
-93 1 -133 13 -141 28 -18 20 173 32 178 72 27 15 -57 30 -106 33 -109 9 -8 7
76 -4 146 -8 61 -5 92 9 92 3 0 27 -38 53 -84 27 -46 55 -90 65 -97 14 -12 16
-12 11 1 -49 123 -78 201 -78 210 0 24 29 5 95 -60 38 -39 73 -70 78 -70 11 0
4 10 -60 96 -82 109 -74 116 53 48 47 -26 87 -44 90 -41 3 3 -28 32 -70 64
-71 55 -93 79 -81 91 2 3 52 -7 109 -23 57 -15 110 -25 117 -23 7 2 -28 21
-77 42 -167 71 -171 86 -19 86 57 0 106 4 109 9 3 5 -39 14 -94 21 -135 17
-145 31 -43 64 43 13 94 31 113 40 l35 15 -30 0 c-16 0 -66 -6 -110 -14 -44
-8 -84 -10 -88 -6 -5 5 17 28 50 51 110 81 124 92 120 96 -2 3 -43 -14 -90
-36 -87 -40 -117 -48 -117 -31 0 11 87 118 113 140 18 14 23 31 10 31 -5 0
-42 -29 -83 -64 -108 -92 -120 -73 -41 64 27 46 48 86 46 88 -5 6 -72 -69
-107 -120 -61 -87 -74 -57 -32 73 44 137 16 121 -47 -26 -16 -37 -32 -61 -44
-63 -17 -4 -17 3 -11 107 5 65 4 111 -1 111 -5 0 -17 -33 -26 -72z m73 -322
c-5 -5 -15 -2 -24 7 -12 11 -12 17 -4 19 17 6 38 -15 28 -26z m75 -104 c-3 -3
-11 0 -18 7 -9 10 -8 11 6 5 10 -3 15 -9 12 -12z m-11 -78 c3 -8 2 -12 -4 -9
-6 3 -10 10 -10 16 0 14 7 11 14 -7z m-54 -60 c0 -8 -4 -12 -10 -9 -5 3 -10
10 -10 16 0 5 5 9 10 9 6 0 10 -7 10 -16z m-30 -19 c0 -8 -2 -15 -4 -15 -2 0
-6 7 -10 15 -3 8 -1 15 4 15 6 0 10 -7 10 -15z"/>
<path d="M2597 2388 c7 -8 10 -18 6 -21 -3 -4 -1 -7 6 -7 17 0 10 32 -9 38
-12 4 -13 3 -3 -10z"/>
<path d="M3003 2383 c-35 -2 -63 -9 -63 -14 0 -6 -4 -8 -9 -4 -5 3 -12 1 -15
-3 -3 -5 -17 -7 -31 -5 -13 3 -23 8 -21 12 3 3 -13 6 -35 6 -21 0 -39 -4 -39
-8 0 -5 -7 -7 -15 -3 -8 3 -15 1 -15 -5 0 -6 -8 -8 -19 -4 -25 7 -43 -17 -36
-48 5 -18 12 -23 26 -20 15 4 20 -1 25 -27 5 -22 9 -28 15 -18 7 10 11 10 17
1 9 -14 80 -24 88 -12 3 5 -4 9 -15 9 -11 0 -23 5 -26 10 -4 6 -3 10 2 9 20
-3 27 2 13 11 -12 8 -13 11 -1 19 11 7 11 9 0 14 -8 3 2 5 21 4 19 0 55 3 78
7 54 10 79 -6 47 -31 -19 -15 -19 -15 5 -8 14 4 37 15 53 26 15 11 27 15 27
10 0 -5 -7 -12 -16 -15 -8 -3 -13 -10 -9 -15 10 -18 35 0 35 25 0 19 5 24 25
24 14 0 25 4 25 9 0 13 -50 51 -64 49 -6 -1 -39 -3 -73 -5z"/>
<path d="M3026 2265 c-11 -8 -31 -15 -44 -15 -15 0 -22 -5 -19 -12 5 -14 40
-12 45 3 2 5 12 9 23 9 10 0 19 7 19 15 0 18 0 18 -24 0z"/>
<path d="M3339 2173 c-13 -16 -12 -17 4 -4 16 13 21 21 13 21 -2 0 -10 -8 -17
-17z"/>
<path d="M3259 2123 c-13 -16 -12 -17 4 -4 16 13 21 21 13 21 -2 0 -10 -8 -17
-17z"/>
<path d="M6192 2093 c-6 -27 -13 -95 -16 -153 -5 -86 -2 -115 13 -160 l19 -55
1 208 c1 114 0 207 -2 207 -2 0 -8 -21 -15 -47z"/>
<path d="M3210 2090 c-9 -6 -10 -10 -3 -10 6 0 15 5 18 10 8 12 4 12 -15 0z"/>
<path d="M3200 2049 c0 -5 5 -7 10 -4 6 3 10 8 10 11 0 2 -4 4 -10 4 -5 0 -10
-5 -10 -11z"/>
<path d="M3088 1992 c-49 -26 -84 -48 -79 -50 5 -2 24 4 41 13 17 9 35 13 40
10 6 -3 10 -2 10 3 0 6 21 24 47 41 66 44 43 37 -59 -17z"/>
<path d="M5867 2020 c-3 -8 -8 -90 -11 -182 -5 -160 -7 -171 -45 -290 -55
-169 -69 -276 -81 -618 -10 -268 -35 -596 -61 -790 -5 -41 -12 -90 -14 -108
l-4 -32 280 0 279 0 0 766 0 766 -41 77 c-40 73 -145 241 -158 251 -3 3 -25
30 -48 60 -77 102 -91 116 -96 100z"/>
<path d="M2803 1984 c9 -11 17 -27 17 -34 0 -7 3 -10 7 -7 3 4 15 -5 25 -20
15 -24 18 -25 18 -8 0 11 -19 35 -43 54 -23 19 -34 26 -24 15z"/>
<path d="M2850 1991 c0 -4 9 -16 19 -25 22 -20 65 -19 53 2 -10 14 -72 34 -72
23z"/>
<path d="M5180 1985 c-13 -16 -7 -45 10 -45 5 0 10 14 10 30 0 34 -3 36 -20
15z"/>
<path d="M2955 1979 c-9 -14 -2 -20 14 -10 8 6 9 11 3 15 -6 3 -14 1 -17 -5z"/>
<path d="M2882 1780 c0 -53 1 -54 10 -22 8 23 8 39 0 55 -9 19 -11 13 -10 -33z"/>
<path d="M5167 1813 c-10 -9 -8 -51 2 -57 10 -7 21 17 21 45 0 19 -11 25 -23
12z"/>
<path d="M5160 1699 c0 -12 -12 -30 -26 -41 -22 -18 -25 -26 -19 -54 8 -43
-16 -81 -59 -92 -27 -7 -31 -12 -31 -44 -1 -47 -37 -80 -78 -72 -34 7 -57 -10
-57 -42 0 -31 -40 -48 -91 -39 -33 6 -39 3 -59 -24 -16 -24 -29 -31 -54 -31
-19 0 -39 7 -46 15 -18 21 -35 19 -66 -10 -26 -24 -26 -26 -14 -70 7 -25 16
-47 19 -49 13 -8 140 15 216 39 146 45 293 153 350 256 27 49 30 65 33 167 3
77 1 112 -7 112 -6 0 -11 -9 -11 -21z"/>
<path d="M2795 1600 c-15 -16 -17 -26 -9 -48 14 -40 59 -43 93 -6 19 21 21 26
7 21 -12 -5 -16 -3 -13 5 15 43 -46 64 -78 28z m35 -30 c0 -5 -2 -10 -4 -10
-3 0 -8 5 -11 10 -3 6 -1 10 4 10 6 0 11 -4 11 -10z"/>
<path d="M830 1290 c-7 -110 -7 -811 0 -815 22 -14 39 201 21 262 -6 21 -6 46
0 69 15 54 13 316 -4 424 -9 60 -15 82 -17 60z"/>
<path d="M2656 1118 c-20 -29 -20 -41 2 -60 27 -24 60 -28 74 -9 12 15 11 15
-6 1 -18 -14 -18 -14 -6 7 8 12 17 20 21 17 4 -2 10 0 14 6 3 5 0 10 -7 10 -7
0 -18 10 -23 23 -14 31 -49 34 -69 5z"/>
<path d="M3048 1048 c-6 -76 -5 -108 3 -108 5 0 9 18 9 40 0 22 5 40 10 40 6
0 10 -16 10 -35 0 -25 4 -35 16 -35 12 0 15 6 11 23 -3 12 -9 39 -12 60 -5 27
-12 37 -26 37 -13 0 -20 -8 -21 -22z"/>
<path d="M3857 773 c-3 -5 1 -14 9 -21 12 -11 14 -9 14 8 0 20 -14 27 -23 13z"/>
<path d="M3811 690 c-1 -14 8 -34 20 -43 20 -18 21 -18 14 5 -4 13 -11 25 -15
28 -4 3 -10 12 -13 20 -3 9 -6 5 -6 -10z"/>
<path d="M3880 657 c0 -8 -3 -23 -7 -33 -4 -12 -3 -15 5 -10 8 5 11 -7 10 -39
-2 -29 2 -49 11 -54 7 -5 12 -11 12 -15 -5 -39 1 -76 13 -76 8 0 17 -13 21
-29 3 -16 13 -32 22 -35 8 -4 13 -13 9 -21 -3 -8 -1 -25 4 -38 5 -12 12 -53
15 -90 4 -38 9 -66 12 -63 14 14 54 -57 60 -106 5 -38 8 -47 14 -33 7 17 8 18
8 3 1 -13 9 -18 31 -18 36 0 36 4 9 50 -23 36 -79 190 -79 214 0 7 -22 60 -49
117 -27 57 -63 144 -80 194 -33 93 -41 109 -41 82z"/>
<path d="M2566 615 c-16 -17 -21 -62 -8 -80 16 -22 59 -17 81 11 19 24 31 57
14 41 -3 -4 -11 3 -17 16 -14 27 -48 33 -70 12z m37 -40 c-7 -21 -12 -19 -10
4 0 11 5 18 9 15 4 -3 5 -11 1 -19z m23 -33 c-17 -16 -18 -16 -5 5 7 12 15 20
18 17 3 -2 -3 -12 -13 -22z"/>
<path d="M1319 460 c-4 -82 -3 -180 2 -180 11 0 20 183 9 194 -7 7 -10 2 -11
-14z"/>
<path d="M816 349 c-3 -41 -7 -136 -9 -211 -2 -127 -1 -138 15 -138 16 0 18
13 20 143 4 202 2 241 -10 262 -8 15 -11 3 -16 -56z"/>
<path d="M1310 200 c0 -5 5 -10 11 -10 5 0 7 5 4 10 -3 6 -8 10 -11 10 -2 0
-4 -4 -4 -10z"/>
<path d="M1287 147 c3 -4 -1 -15 -8 -23 -8 -10 1 -7 24 6 20 12 37 23 37 25 0
1 -13 2 -29 1 -16 -1 -27 -5 -24 -9z"/>
<path d="M4770 134 c0 -6 11 -37 24 -70 18 -44 30 -60 46 -62 l23 -4 -22 30
c-12 17 -32 50 -46 74 -14 24 -25 38 -25 32z"/>
<path d="M0 65 l0 -65 35 0 c33 0 34 1 25 25 -14 37 -50 105 -55 105 -3 0 -5
-29 -5 -65z"/>
<path d="M2493 109 c-42 -15 -40 -65 3 -94 19 -12 29 -13 45 -5 12 7 18 18 15
26 -3 8 -1 14 5 14 13 0 -17 56 -33 62 -7 3 -23 2 -35 -3z m22 -39 c3 -5 -1
-10 -10 -10 -9 0 -13 5 -10 10 3 6 8 10 10 10 2 0 7 -4 10 -10z"/>
</g>
</svg>
